CV1	CV2	energy	groups	mobility	Heuristic_Classes	Detected_Classes
0.00765280635611	-0.0395007812503	-142.848655	1	0.240002374779	Gamma	Class3
0.0043264732273	-0.039931415815	-140.937714	1	0.742855415911	Gamma	Class3
-0.0667814962477	0.0723491379387	-140.236886	1	0.746396686723	Sheet	Class3
-0.00322742069635	-0.0333616216233	-139.89896	1	0.977562413595	Gamma	Class3
-4.43222550234e-05	-0.0393552869415	-139.721871	1	0.39443631966	Gamma	Class3
-0.0781697176898	0.0460206253769	-139.569389	1	0.712970739697	Gamma	Class3
-0.0657570250765	0.039066323575	-139.509039	1	0.516603964888	Gamma	Class3
-0.103258278547	0.0272861420042	-139.34576	1	0.00801530443063	Gamma	Noise
0.0218560418407	-0.0511650471541	-139.327082	1	0.00227627402025	Gamma	Class3
-0.00338513088152	-0.0408175208025	-139.059954	1	0.00603163993469	Gamma	Class3
0.00314376730457	-0.0376864961684	-138.968119	1	0.00300485165653	Gamma	Class3
0.000943522677312	-0.0317850973235	-138.840927	1	1.70724262204	Gamma	Class3
0.00356506664447	-0.0487219078133	-138.748869	1	1.04917365924	Gamma	Class3
0.0143875956614	-0.0621385511121	-138.594468	1	0.00176648207524	Gamma	Class3
-0.0394656104811	0.0272093983017	-138.593304	1	1.47248460647	Sheet	Class3
0.0125361354762	-0.0513677749806	-138.545328	1	0.00495135167353	Gamma	Class3
0.0135143255721	-0.0452783092452	-138.509394	1	0.00371218313585	Gamma	Class3
-0.0786757681833	0.0504869113204	-138.491902	1	0.960259188751	Gamma	Class3
-0.00266437094914	-0.0471535117656	-138.23663	1	1.21119382334	Gamma	Class3
0.00348252841344	-0.0449906455272	-138.20903	1	0.389210788309	Gamma	Class3
0.0151740841648	-0.0632034425908	-138.193085	1	0.00162765147713	Gamma	Class3
-0.0256024010072	0.0162279088926	-138.105811	1	1.3311530539	Gamma	Class3
-0.000760254902358	-0.0363436996114	-138.097213	1	1.78816182611	Gamma	Class3
0.0167107277251	-0.0391921015433	-138.068072	1	0.00742727930705	Gamma	Class3
0.0283219040322	-0.0611197744327	-137.668097	1	0.00284230121902	Gamma	Class3
0.00593124496508	-0.0451481321288	-137.607414	1	0.136429720408	Gamma	Class3
0.0130870602782	-0.0321053763047	-137.46734	1	0.680061751527	Gamma	Class3
-0.0106353561272	-0.0164535796191	-137.430755	1	0.752802006859	Gamma	Class3
-0.00466732147051	-0.00980035677481	-137.205595	1	0.00315389339868	Gamma	Class3
0.0126736260633	-0.0437713892449	-137.177594	1	0.0147819707758	Gamma	Class3
0.0188321053848	-0.0373460238001	-137.040901	1	0.00332763684164	Gamma	Class3
0.00321543091243	-0.0389788108119	-136.872272	1	0.129935377288	Gamma	Class3
-0.0621548204151	0.0566173561443	-136.862854	1	0.981516445838	Gamma	Class3
0.011136150362	-0.0362015764395	-136.794839	1	0.28558908079	Gamma	Class3
-0.0236946626474	-0.0215266808763	-136.774011	1	0.00332604204144	Gamma	Noise
0.00917933373694	-0.0387984585834	-136.736955	1	0.306059819714	Gamma	Class3
0.0133211151313	-0.0457620042408	-136.692065	1	0.501300009628	Gamma	Class3
0.0087779380698	-0.0214646730674	-136.586156	1	0.0014277684611	Gamma	Class3
-0.093844535905	0.0306369360421	-136.518356	1	0.00890703587238	Gamma	Noise
0.0101251595289	-0.0481928192323	-136.505834	1	0.672456812089	Gamma	Class3
-0.000194643827307	-0.0373141283171	-136.343634	1	0.462775701987	Gamma	Noise
-0.0627401231826	0.0461489075706	-136.153146	1	1.17623067941	Gamma	Class3
0.00449041263663	-0.0436857893831	-135.884783	1	0.468122000402	Gamma	Class3
-0.14669527543	-0.0245989237533	-141.2512	2	0.232968523631	Gamma	Noise
-0.105269822857	-0.0204426385585	-139.035444	2	0.104365851021	Gamma	Noise
0.00969957244353	-0.0326204190416	-138.287034	2	0.547774233314	Gamma	Class3
0.0294237643299	0.0609048753953	-136.677133	2	0.177965262894	Gamma	Noise
-0.0789737677836	0.0455924758546	-135.844596	2	0.301301326642	Gamma	Noise
0.123950528067	-0.00953738648878	-134.39805	2	0.00155748910071	Gamma	Noise
-0.00033061431871	-0.0360961732624	-144.788049	3	0.562645177145	Gamma	Class3
0.00887200373217	-0.0343218766628	-144.730698	3	0.00470713746946	Gamma	Class3
0.0197387856421	-0.0352464485809	-142.088521	3	0.580072407116	Gamma	Class3
-0.0706906983293	0.0401214158686	-140.863151	3	0.00856062932514	Sheet	Noise
-0.0539930678013	0.0234912445926	-140.271881	3	0.210426679761	Gamma	Noise
0.00586275428405	-0.043623647997	-140.12822	3	0.513369651012	Gamma	Class3
-0.17845611956	0.000281957987828	-139.75935	3	0.223353800289	Gamma	Noise
-0.0579609543782	0.0136424211834	-139.58082	3	2.11943423989	Gamma	Class3
-0.208788051931	0.00730142544695	-138.886371	3	0.00509753333043	Gamma	Noise
0.0447013435761	-0.0508877570766	-138.232393	3	0.0803232071775	Gamma	Noise
0.00829483190185	-0.0246651072581	-138.015787	3	0.347907704467	Gamma	Class3
0.0589879310525	-0.0462180344383	-137.837519	3	0.00401487896959	Gamma	Noise
-0.0659748125035	0.0800202975868	-151.541114	4	1.52295853374	Gamma	Noise
-0.052189907533	0.0458042406397	-168.713768	5	2.70572327751	Sheet	Noise
-0.0809801800558	0.0721785915443	-167.80844	5	0.786359475357	Sheet	Noise
0.035097433819	0.0400665953182	-167.549531	5	0.0102093690769	Gamma	Noise
0.00710617187633	0.060904713867	-167.53936	5	2.75054693233	Sheet	Noise
-0.116220146474	0.131981115887	-167.175867	5	1.1639062799	Sheet	Noise
-0.0658997294357	0.0790591704374	-166.627074	5	1.01835940139	Sheet	Class4
-0.0666927538468	0.0773227711422	-166.608065	5	0.882572577411	Sheet	Class4
-0.0867424471004	0.0702226044567	-166.477232	5	0.875620222697	Sheet	Class4
0.0129918781864	0.0793919894183	-166.132245	5	0.00545553855467	Sheet	Class5
0.014144814777	0.0800224756797	-166.007086	5	0.00435801119774	Sheet	Class5
0.00806828514974	0.0612487822549	-165.946559	5	3.70835883698	Sheet	Class4
-0.0405200578818	0.0684641061872	-165.803887	5	0.871887897583	Sheet	Class4
0.0160634125829	0.0576292262683	-165.784587	5	3.99043294895	Sheet	Class4
-0.0708339836794	0.0783103570219	-165.676764	5	0.0157987796382	Sheet	Class4
0.00867911265978	0.0918660689714	-165.405334	5	0.00340039308062	Sheet	Class5
0.00663355477391	0.0933058317351	-165.382518	5	0.00347222048154	Sheet	Class5
-0.0803942715164	0.0795228144113	-165.368389	5	0.87206695612	Sheet	Class4
-0.0142084842992	0.108159150486	-165.327922	5	0.00491013951293	Sheet	Class5
-0.0712018288517	0.0389140443502	-165.314568	5	0.0096768278549	Gamma	Noise
0.0170293063154	0.0588777061268	-164.937617	5	3.6897501485	Sheet	Class4
-0.0625307257544	0.081988215996	-164.58845	5	1.04842892768	Sheet	Noise
-0.0636873400239	0.0816116507672	-164.582549	5	1.04343443207	Sheet	Class4
0.0122028217809	0.0816471025779	-164.543054	5	0.0050209649957	Sheet	Class5
-0.0495105612343	0.0819732255902	-164.331037	5	1.79422027473	Sheet	Noise
-0.0557521646601	0.0438735608059	-164.323418	5	0.571250599891	Gamma	Noise
0.014564442272	0.083736986489	-164.093358	5	0.00381891847687	Sheet	Class5
0.0965843522804	-0.0111348142875	-164.046381	5	0.706279777194	Sheet	Noise
-0.0636346260398	0.0634482698669	-164.002647	5	1.01960217168	Sheet	Class4
0.0284737448423	0.0661865712143	-163.934841	5	2.40125970573	Sheet	Class4
0.0281316726006	0.0648440377344	-163.878437	5	2.14194469771	Sheet	Class4
0.0520182041664	0.056062433684	-163.870193	5	3.05064611766	Sheet	Class4
0.0322656599653	0.0495040053158	-163.805167	5	0.924454643803	Sheet	Class4
0.0181689625385	0.0620616640059	-163.792184	5	4.27705693617	Sheet	Noise
0.023992412055	0.043860314131	-163.750011	5	0.128238180706	Gamma	Class4
0.0319305930248	0.0484685912036	-163.743973	5	1.17855189591	Sheet	Class4
0.0266404285486	0.0846375747992	-163.624336	5	1.90088731731	Sheet	Class5
0.101010491996	-0.0107088121909	-163.567415	5	0.665710079003	Sheet	Noise
0.0517910923627	0.055847809866	-163.536394	5	2.73348923844	Sheet	Class4
0.0330778711963	0.0498063112323	-163.525646	5	1.1631619098	Sheet	Class4
0.00116656620365	0.068279381953	-163.521377	5	1.13232556745	Sheet	Class4
0.000801603853275	0.0683472648236	-163.502453	5	1.13266150989	Sheet	Class4
0.0302064193053	0.0358734285865	-163.311539	5	0.181308227791	Gamma	Class4
0.0352222137321	0.0595046038923	-163.167587	5	0.454624884361	Sheet	Class4
0.0392259270731	0.0324395190586	-163.154135	5	0.568504275245	Sheet	Class4
0.0283171876231	0.0358435785141	-163.109621	5	1.49446154974	Sheet	Class4
0.0357284376631	0.0394454948898	-163.032447	5	1.66281894933	Gamma	Class4
0.0416943066072	0.0380659037883	-163.031011	5	1.28494134879	Sheet	Class4
-0.0627238690994	0.0346898373945	-162.952777	5	0.407388942166	Gamma	Noise
0.00543431843098	0.0747523386884	-162.885959	5	1.1137767149	Sheet	Class4
0.00310860789487	0.0748260526595	-162.843622	5	1.13218942781	Sheet	Class4
0.038171534695	0.0605728256561	-162.751532	5	0.845781935338	Sheet	Class4
0.0432767758037	0.0369380454871	-162.494668	5	3.88850854452	Gamma	Class4
0.0364954625632	0.0421024119608	-162.472269	5	0.90012968582	Sheet	Class4
-0.0449427340667	0.0668995202207	-162.358139	5	1.26886965921	Sheet	Noise
0.0373752459133	0.0460663551784	-162.305308	5	1.57260460751	Sheet	Class4
0.0273356336984	0.0761670556164	-162.27082	5	2.19433743893	Sheet	Class5
0.0417415645649	0.0387458245473	-162.004488	5	1.51390583015	Sheet	Class4
-0.0312906213449	0.0306043823762	-161.990816	5	0.735174421707	Gamma	Noise
-0.0492765815957	0.0359704139392	-161.890447	5	1.04027860534	Gamma	Noise
0.0454269164832	0.0431126026182	-161.886979	5	1.13846691998	Sheet	Class4
0.0269050392408	0.0925376883982	-161.886746	5	2.79511610744	Sheet	Noise
0.0299080379391	0.0356177948726	-161.883369	5	0.284052699018	Gamma	Class4
-0.198154619676	0.0212687067384	-161.870305	5	1.15435448867	Gamma	Noise
0.0511657825975	0.043827650226	-161.782948	5	1.59895027568	Sheet	Class4
0.086932136861	-0.017093351415	-159.549343	6	0.00138297504923	Gamma	Class2
0.12471191404	-0.0166491391881	-158.479748	6	0.00203218943602	Gamma	Noise
0.083865654391	-0.0317664020431	-158.183943	6	0.000469791049847	Gamma	Class2
0.103087285236	-0.0235047904379	-158.011451	6	0.0014240343617	Gamma	Class2
0.00907930419479	-0.0282336835537	-157.91002	6	0.210566659087	Gamma	Noise
0.046673830733	0.0327172209749	-157.611039	6	0.140376692109	Gamma	Class2
0.0892785360493	-0.0088950989034	-157.254254	6	0.0730412955772	Gamma	Class2
0.102709367812	-0.0198785796778	-157.08516	6	0.127081185339	Gamma	Class2
-0.0815503641461	0.0450155119978	-156.794775	6	0.00475153689917	Slipped_Gamma	Noise
-0.0829303358413	0.0471941700925	-156.697386	6	0.00523616997641	Slipped_Gamma	Noise
-0.0876313871126	0.0436509317544	-156.665363	6	0.00650660405487	Slipped_Gamma	Noise
-0.0614229186862	0.0309110581844	-156.344139	6	0.00381828192724	Slipped_Gamma	Noise
-0.0531828234926	0.0454980756123	-156.193139	6	0.104791645111	Gamma	Noise
0.151605234412	-0.0202240908215	-155.68814	6	0.356067959187	Gamma	Noise
0.148924429365	-0.015043105206	-155.210533	6	0.162129467272	Gamma	Noise
0.0259353368916	0.0406550047668	-155.055385	6	1.35878516381	Gamma	Noise
0.078800337467	-0.0202355351935	-154.764749	6	0.0017893356059	Gamma	Class2
0.0210467642274	-0.0468344937999	-154.628957	6	0.000482653720456	Gamma	Noise
-0.0948465570777	0.0508621524371	-153.424545	6	0.100460651678	Slipped_Gamma	Noise
0.13960926887	-0.00586066934146	-152.800077	6	0.00166474300716	Gamma	Noise
-0.00356273607988	-0.0506982681632	-147.977293	7	0.00640198949247	Gamma	Class3
-0.0725329082435	0.0159279349987	-143.793472	7	0.0060251464958	Gamma	Noise
0.0114408024221	-0.0388293148697	-142.362317	7	0.00481381658411	Gamma	Class3
-0.132073551496	-0.0334825868187	-137.665978	8	0.00544976046081	Slipped_Gamma	Noise
-0.0745281221203	0.0143930492857	-135.374173	8	0.00382822448511	Gamma	Noise
-0.0679101660082	0.0142669818391	-133.972299	8	0.00209757280278	Gamma	Noise
-0.128089409482	-0.0521743759887	-134.164063	9	0.00359125273026	Herringbone	Noise
-0.00231639285267	-0.0475877284445	-133.846489	9	0.312290292114	Gamma	Class3
-0.126262282019	-0.0497214393518	-133.805781	9	0.280479494023	Herringbone	Noise
-0.011468440878	-0.0469692296424	-133.183719	9	0.329930920788	Gamma	Class3
-0.0116774943383	-0.0420612777763	-133.116263	9	0.266927543008	Gamma	Class3
0.00267227809951	-0.0394922067303	-133.079606	9	0.244941409265	Gamma	Class3
-0.129265219008	-0.0533155149957	-132.969975	9	0.0035000269128	Herringbone	Noise
0.00483519748132	-0.0402074396962	-132.836949	9	0.00303616105257	Gamma	Class3
-0.112514556047	-0.0381555056457	-132.729519	9	0.00413526502555	Herringbone	Noise
-0.00841713877543	-0.0398986057509	-132.603461	9	0.447722092847	Gamma	Class3
-0.00209030383202	-0.0464499303153	-132.259717	9	0.304791754205	Gamma	Class3
-0.00509627458428	-0.0494055388906	-132.014201	9	0.00287077542624	Gamma	Class3
0.00652264290186	-0.0400106385681	-131.818215	9	0.273903328908	Gamma	Class3
-0.112066250322	-0.0421194189729	-131.702951	9	0.00221577229699	Herringbone	Noise
0.00868073133758	-0.0512222280835	-131.620952	9	0.199039023208	Gamma	Class3
0.00944563694866	-0.047087924659	-131.559461	9	0.127716503893	Gamma	Class3
-0.0109285561472	-0.0402371662339	-131.554161	9	0.301131087187	Gamma	Class3
0.00847611766406	-0.0502718327694	-131.391455	9	0.152055877431	Gamma	Class3
0.00688698497947	-0.0496484739292	-131.026174	9	0.127727071024	Gamma	Class3
0.00433939967762	-0.0472618836745	-131.023549	9	0.0427245174999	Gamma	Class3
0.00734097556086	-0.0617649244891	-130.518114	9	0.511885958229	Gamma	Class3
-0.00231735195657	-0.0421965482239	-130.289193	9	0.191191116601	Gamma	Class3
0.0157569491527	-0.0528759695138	-130.176785	9	0.424182488436	Gamma	Class3
0.0401678270853	-0.0449198234682	-130.008421	9	0.00484222137215	Gamma	Noise
0.0170199241677	-0.0600238784114	-129.972522	9	0.816950002269	Gamma	Class3
0.017926084849	-0.0631719096142	-129.911939	9	1.11440877543	Gamma	Class3
0.00428651930688	-0.0429799693508	-129.767484	9	0.18265301918	Gamma	Class3
-0.0552265242963	0.00578449756257	-129.765351	9	1.04720671023	Gamma	Class3
0.0064339632241	-0.0387337651823	-129.737316	9	0.191820383814	Gamma	Class3
-0.00782373686802	-0.0386597874523	-129.700319	9	0.364868882563	Gamma	Class3
0.0114424918729	-0.0379059212526	-129.668878	9	0.185580522663	Gamma	Class3
0.0111912992683	-0.0314010902665	-129.654367	9	0.198211735104	Gamma	Class3
0.0213666035885	-0.0353787769106	-129.646695	9	0.709174204589	Gamma	Class3
-0.00729958768186	-0.0382658845298	-129.56803	9	0.55464340998	Gamma	Class3
0.0135240853539	-0.0512342033155	-129.527538	9	0.370530335143	Gamma	Class3
0.00298704981001	-0.0337898093375	-129.384303	9	0.206499369507	Gamma	Class3
0.0104089816472	-0.0360677674199	-129.348421	9	0.125265415622	Gamma	Class3
0.0283522231784	-0.0504556814931	-129.325743	9	0.219003199696	Gamma	Class3
0.0150574045981	-0.0421725576336	-129.225171	9	0.00239348444731	Gamma	Class3
0.0166102009651	-0.0463991605548	-129.044853	9	0.0736361147651	Gamma	Class3
0.00125741031795	-0.0368800862215	-129.041053	9	0.361780577462	Gamma	Class3
0.0144983313033	-0.0493668416243	-128.92183	9	0.385475579212	Gamma	Class3
0.00398273420313	-0.0421266897073	-128.895101	9	0.00074726234897	Gamma	Class3
0.00459032313398	-0.0479319577558	-128.853831	9	0.0018052076289	Gamma	Class3
0.0190133923544	-0.0669726669065	-128.772444	9	1.16596237108	Gamma	Class3
-0.0015847136507	-0.0311093236261	-128.710953	9	0.0987189380138	Sheet	Class3
0.00450210468259	-0.0403309770052	-128.59297	9	0.0025237620677	Gamma	Class3
0.0217787461101	-0.0485273835305	-128.57998	9	0.173060668864	Gamma	Class3
0.00514746876503	-0.038639825918	-128.562487	9	0.000341724063385	Gamma	Class3
-0.00198143996643	-0.0531561833689	-128.399055	9	0.00180522625549	Gamma	Class3
-0.0662703400391	0.00987346779773	-128.319757	9	1.17869727989	Gamma	Noise
-0.00169071489011	-0.041277512839	-128.24524	9	0.445522441838	Gamma	Class3
0.00673440685421	-0.0419973475259	-128.222637	9	0.0039277171247	Gamma	Class3
-0.012666401421	-0.0350503630597	-128.107182	9	0.363859826532	Gamma	Class3
0.00565680213584	-0.0501276844699	-128.068251	9	0.279182843273	Gamma	Class3
-0.120408628434	-0.0449195815744	-128.042289	9	0.504061932958	Gamma	Noise
-0.0138252636284	-0.0307101494731	-128.042208	9	0.597060805155	Gamma	Class3
0.00471275568773	-0.0454807271138	-127.969018	9	0.00149017371414	Gamma	Class3
0.00569560884032	-0.0424537980838	-127.901233	9	0.00186843954247	Gamma	Class3
-0.0126542037287	-0.0334307292164	-127.849882	9	0.554644660078	Gamma	Class3
0.0182812960795	-0.0434282975995	-127.836214	9	0.0013898488135	Gamma	Class3
0.0070114923219	-0.0357117929812	-127.809758	9	0.00252033287181	Gamma	Class3
0.0167328369398	-0.0558640097962	-127.754417	9	0.53081543139	Gamma	Class3
-0.140785455906	-0.0757117242561	-127.655135	9	1.60026381249	Slipped_Gamma	Noise
-0.00251716202609	-0.038265988985	-127.64865	9	0.00227572789206	Gamma	Class3
0.0118547775254	-0.0335967229242	-127.631471	9	0.292944042867	Gamma	Class3
-0.0105913702181	-0.0328242927151	-127.560703	9	0.00470316199959	Sheet	Class3
0.050846969382	0.0371311951291	-127.543163	9	0.788262485202	Gamma	Noise
-0.10394099971	-0.0772042304915	-127.403381	9	0.00404567997038	Slipped_Gamma	Noise
-0.0516326784167	0.030015959596	-127.398322	9	0.212584608377	Sheet	Class3
0.0503337416569	-0.0448912749882	-127.355101	9	0.000990901750968	Gamma	Noise
0.0251915701994	-0.0589331805309	-127.239407	9	0.642828708095	Gamma	Class3
-0.0730525326882	0.00401626606412	-127.165209	9	0.520939070006	Gamma	Noise
0.00297595712174	-0.0520372266183	-161.878861	10	0.0017131490941	Gamma	Class3
-0.12629984921	-0.0192937372428	-144.790414	11	0.00327155031063	Gamma	Noise
-0.0127393267231	-0.0121366874652	-141.876113	11	0.00128380995404	Gamma	Noise
-0.0109290320644	-0.0140290964341	-141.231618	11	0.356294282032	Gamma	Class3
-0.0293970616536	-0.00921419749529	-140.707956	11	0.882965950158	Gamma	Class3
-0.0593629814673	0.00316414506377	-139.707126	11	0.311654192659	Gamma	Class3
-0.00865457291156	-0.0402707452275	-138.933794	11	0.00117464923117	Gamma	Class3
-0.012489216641	-0.0248671526648	-138.171045	11	0.00255521673894	Gamma	Class3
0.0105400115721	0.0455367555814	-176.550409	12	0.130808549837	Gamma	Class4
0.0415184336102	0.0257964052075	-175.315013	12	0.46277559162	Sheet	Class4
0.0302348609193	0.0368222224729	-174.973824	12	0.00315479777503	Sheet	Class4
0.0303679547767	0.0310030857111	-174.398437	12	0.453286428303	Sheet	Class4
0.0448470162529	0.0384188526919	-174.382799	12	0.21415484192	Sheet	Class4
0.0301782113106	0.047564814616	-173.987143	12	0.168259156785	Sheet	Class4
0.0398523287867	0.0435077979975	-173.818254	12	0.00472822587883	Sheet	Class4
0.0520964288248	0.0394901350587	-173.430797	12	0.00324090848936	Gamma	Class4
0.0432637585956	0.038854639778	-173.263873	12	0.180863616753	Sheet	Class4
0.0485484116517	0.043684759741	-173.177078	12	0.469183714069	Gamma	Class4
0.0376779036113	0.0319022344414	-173.089083	12	0.21274830981	Sheet	Class4
0.052913906671	0.0436861630084	-173.02122	12	0.426575642626	Gamma	Class4
0.0418390905156	0.0415949422536	-173.015021	12	0.447043819701	Sheet	Class4
0.0323766344463	0.0250735210479	-172.974646	12	0.00212976455279	Sheet	Class4
0.0452121846244	0.0462756080359	-172.75965	12	0.196464729986	Gamma	Class4
0.079719062464	-0.0168387019128	-172.619883	12	1.0459269456	Sheet	Class4
0.0654498051016	-0.0200965000732	-172.599304	12	1.00365777016	Sheet	Class4
0.0449798542834	0.0372970786218	-172.529818	12	0.472155877734	Gamma	Class4
0.0555681951608	0.0159371375641	-172.199438	12	0.528678264947	Sheet	Class4
0.034543677888	0.0368263798976	-171.559467	12	0.474330360454	Gamma	Class4
0.0491355828246	0.0333390937376	-171.512635	12	0.276485714609	Gamma	Class4
0.0416978665956	0.0463058016167	-171.497326	12	0.418644430651	Gamma	Class4
0.042100166263	0.0462177134557	-171.328069	12	0.427005655548	Gamma	Class4
0.0277757455042	0.0448623338902	-171.292502	12	0.003285723718	Sheet	Class4
0.0385238535996	0.0466465556364	-171.176607	12	0.549075506009	Gamma	Class4
0.0291008933688	0.0484194031927	-170.979353	12	0.00267509363759	Sheet	Class4
0.0263896240712	0.0330881109112	-170.963413	12	0.0034423006941	Sheet	Class4
0.0734427533811	0.0132059419649	-170.955548	12	0.935131802375	Gamma	Class4
0.0299680835062	0.0483835293999	-170.929819	12	0.00330166561806	Sheet	Class4
0.0546609014507	0.0298056959739	-170.907693	12	0.0146570372163	Gamma	Class4
0.0429088283609	0.0403688293864	-170.868478	12	0.652990454699	Gamma	Class4
0.0430806099779	0.0401401059673	-170.826683	12	0.129181945002	Sheet	Class4
0.0328349124234	0.0368251887142	-170.719651	12	0.00369830624842	Sheet	Class4
0.0470754324086	0.040332640265	-170.716867	12	0.0860699884317	Sheet	Class4
0.017154353464	0.0462190463956	-170.565453	12	0.49879463105	Gamma	Class4
0.0562354919446	0.0316794833195	-170.472567	12	0.0159164228053	Gamma	Class4
0.0394392701848	0.036063237198	-170.344684	12	0.00362532766699	Gamma	Class4
0.0460939217773	0.0383254374684	-170.192653	12	0.259475539397	Sheet	Class4
0.048085297174	0.0494535409704	-170.106044	12	0.136740312028	Sheet	Class4
0.0509942518356	0.0428564847737	-169.951631	12	0.260049903159	Gamma	Class4
0.0485940600629	0.0439681322492	-169.831452	12	0.252243900002	Sheet	Class4
0.027318229788	0.0493973477063	-169.694861	12	0.614228133266	Sheet	Class4
0.0491393637573	0.0375087547868	-169.616609	12	0.249928444387	Sheet	Class4
0.0314481660768	0.0507368806469	-169.594949	12	0.340391572385	Gamma	Class4
-0.00246985199103	-0.0433273537308	-147.166305	13	0.100490567844	Slipped_Gamma	Class3
-0.118673028232	-0.0448200691486	-144.525931	13	0.00334572928041	Herringbone	Noise
-0.0402051942457	-0.048774169688	-143.552553	13	0.000587842205241	Gamma	Noise
-0.0750352414957	-0.0377109098003	-141.60501	13	0.103312045045	Gamma	Class3
0.0200851600459	-0.0534705999705	-141.562151	13	0.00209692175449	Gamma	Class3
-0.164821885249	-0.0353017970319	-141.554464	13	0.426548765135	Gamma	Noise
-0.143088406747	-0.0410162866133	-141.243354	13	0.332259344249	Gamma	Class3
0.000340492026739	-0.0286481827519	-140.89998	13	0.0770880686873	Slipped_Gamma	Class3
-0.107013833383	-0.0353359512061	-140.688171	13	0.00226358193749	Gamma	Class3
0.019918193079	-0.0667221366258	-170.634721	14	0.301464632565	Gamma	Class3
0.0187179840829	-0.0648005431106	-169.795425	14	0.249994150806	Gamma	Class3
0.0196182559729	-0.0657619781689	-168.060378	14	0.131017626489	Gamma	Class3
0.00852695937287	-0.0483799745376	-147.886089	15	1.35555203618	Gamma	Class3
-0.067879711667	-0.0025585121568	-146.527362	15	1.33545201628	Gamma	Class3
-0.177769107206	-0.0325775694226	-146.465936	15	0.000610697789721	Gamma	Noise
-0.124237655088	-0.0417605161071	-145.609154	15	0.161362476242	Gamma	Noise
-0.0632647055893	-0.00130647983257	-144.777568	15	0.00222747918046	Gamma	Class3
-0.239051239536	0.0169820631099	-144.521613	15	0.363685788129	Gamma	Noise
-0.0660445904836	0.000615511430176	-144.191313	15	0.00179510440917	Gamma	Class3
-0.125653976019	-0.0238576921431	-143.395482	15	0.359198517846	Gamma	Class3
-0.0967145649435	0.0157978063432	-142.991274	15	0.237733024396	Gamma	Class3
-0.0753642310773	0.0101718567164	-142.357097	15	0.00146721658186	Gamma	Class3
-0.100460182261	-0.0534510225972	-141.78152	15	0.0885754494681	Gamma	Noise
-0.121478194819	-0.0329230829785	-141.777329	15	0.515765570917	Gamma	Noise
-0.0624996764371	0.0208893842307	-141.773772	15	0.00141104730063	Gamma	Noise
-0.149370392682	-0.0454189673345	-141.507998	15	0.00123244489267	Gamma	Noise
-0.284683386554	-0.0452966528402	-140.92774	15	0.209552820975	Gamma	Noise
0.0696472643513	0.0619685011576	-162.886653	16	0.00114966633119	Sheet	Class1
0.12820126083	-0.0228311277161	-162.124043	16	0.212564499052	Sheet	Class1
0.138465285284	-0.0286054106547	-162.07047	16	0.292152749239	Sheet	Class1
0.124892830741	0.027422386801	-162.00988	16	0.000740867474331	Gamma	Class1
0.0601580131917	0.0535812352027	-161.883063	16	0.000925061456347	Gamma	Class1
0.0437330676509	0.0523422310882	-161.711396	16	0.00110879014184	Sheet	Class1
0.080913695461	0.0647110969882	-161.699286	16	0.000607230699871	Sheet	Class1
0.124363036132	0.0177406331098	-161.527089	16	0.000512028788451	Sheet	Class1
0.113969828024	-0.000497084164956	-161.498947	16	0.00103260258822	Sheet	Class1
0.0525263546232	0.050106063061	-161.076908	16	0.000757548849349	Sheet	Class1
0.15254292029	-0.0190187810466	-160.965364	16	0.252935231275	Sheet	Noise
0.0378788347697	0.0699558608472	-160.948025	16	0.0938369483337	Sheet	Class1
0.147935222195	-0.0269428149791	-160.934714	16	0.334426482726	Sheet	Class1
0.144369852011	-0.0197840839963	-160.93056	16	0.179475293054	Sheet	Class1
0.123515618874	0.0149856330962	-160.913707	16	0.00041697834178	Sheet	Class1
0.0838719062457	0.0585077254788	-160.866405	16	0.134972249399	Sheet	Class1
0.121791120025	-0.00126527634619	-160.820032	16	0.000391617828816	Sheet	Class1
0.14204276549	-0.0176341960829	-160.746624	16	0.152140656129	Sheet	Class1
0.156629878567	-0.0193841988626	-160.51284	16	0.306672478545	Sheet	Noise
0.128011056866	-3.74888405027e-05	-160.507426	16	0.000595645766316	Gamma	Class1
0.0707969969646	0.0535891128061	-160.434896	16	0.00121334066071	Gamma	Class1
0.055744777514	0.0689392698477	-160.371789	16	0.0997239333811	Sheet	Class1
0.0615608487965	0.0558711236894	-160.36331	16	0.00128463027994	Gamma	Class1
0.058495383816	0.0500012762065	-160.357465	16	0.00110315972717	Sheet	Class1
0.0574597700528	0.0542904553006	-160.314028	16	0.00140799825195	Sheet	Class1
0.0664011858487	0.0609441379573	-160.288075	16	0.000484299823836	Sheet	Class1
0.119106753878	-0.0114831797711	-160.261261	16	0.000909400842166	Sheet	Class1
0.145823292962	0.000408519010776	-160.215452	16	0.000579872807797	Gamma	Class1
0.145712284447	0.000349047141023	-160.215393	16	0.000577084100666	Gamma	Class1
0.0595288876731	0.0504997142542	-160.18165	16	0.000869078270156	Sheet	Class1
0.0457821207585	0.0529915177578	-160.136934	16	0.0686673924567	Sheet	Class1
0.126894668033	-0.00910104855368	-160.059572	16	0.000543685457578	Gamma	Class1
0.118255203742	0.0120496584063	-159.9831	16	0.000429580117442	Gamma	Class1
0.114570436443	0.00325817215037	-159.898479	16	0.175317186061	Gamma	Noise
0.0119773424912	0.0685634067549	-159.554361	16	0.00043523635255	Gamma	Class1
0.135928636054	0.00716837820456	-159.433555	16	0.00109682384548	Sheet	Class1
0.0516422710345	0.0480174431403	-159.429523	16	0.000834855056012	Sheet	Class1
0.137109110346	-0.000534773365911	-159.21875	16	0.000432068505879	Sheet	Class1
0.131061806143	-0.00593992533411	-159.102904	16	0.000939482113161	Sheet	Class1
0.149138058278	-0.0239715402321	-158.935869	16	0.403669332635	Gamma	Class1
0.0821474167944	0.0503816705037	-158.902923	16	0.000575512178214	Sheet	Class1
0.141086919284	-0.00520761338029	-158.866999	16	0.000851641357726	Gamma	Class1
0.0858502669149	0.064452299547	-158.695331	16	0.000647229203808	Sheet	Class1
0.147989426874	0.00233325473215	-158.61844	16	0.00051292230835	Gamma	Class1
-0.142201331146	-0.0566793792666	-158.444767	16	0.0467241346151	Sheet	Noise
0.142941945107	-0.0293443691079	-158.430578	16	0.130112429825	Sheet	Class1
0.0576786808065	0.0723931295265	-158.396392	16	0.236200890462	Sheet	Class1
0.136402253385	0.0130821040849	-158.307124	16	0.155202984377	Sheet	Class1
0.093526333631	0.0426314111952	-158.250254	16	0.00067732458633	Gamma	Class1
0.0600036570261	0.0727640479175	-158.208978	16	0.100622559012	Sheet	Noise
0.068474512891	0.0651010773596	-158.148506	16	0.0723135141617	Sheet	Noise
0.147118136839	-0.00896778281703	-158.122942	16	0.000375442032101	Gamma	Class1
0.134918447691	-0.0162069176934	-158.083967	16	0.0197116118656	Sheet	Class1
0.148414640778	-0.0126300332819	-158.016107	16	0.00538957562399	Gamma	Class1
0.15158200322	-0.017142849925	-157.920494	16	0.136627550832	Sheet	Noise
0.146567800253	0.00153642548941	-157.816959	16	0.000516072409679	Gamma	Class1
0.142417388663	-0.0112792749642	-157.809842	16	0.000595165115762	Gamma	Class1
0.151024771451	-0.0204408848253	-157.497985	16	0.0940300120872	Gamma	Class1
0.0481823112919	0.0841168164709	-157.457632	16	0.313253398009	Sheet	Noise
-0.0107204001474	0.0953292294389	-157.453589	16	0.122425452425	Gamma	Noise
0.142786081945	-0.00109710231825	-157.438964	16	0.000925173922997	Sheet	Class1
0.158222804936	-0.0337141713268	-157.333127	16	0.0833471633702	Gamma	Class1
-0.048766455751	0.05650659498	-157.303567	16	0.000767642531725	Sheet	Noise
0.120619368812	0.00560689801869	-157.292249	16	0.000929847381089	Gamma	Class1
-0.0122873954232	0.140616171859	-157.265552	16	0.332960037312	Gamma	Noise
-0.0230033514404	0.131169533585	-157.034576	16	0.00143283132771	Gamma	Noise
0.134563210772	0.00719170714155	-157.017096	16	0.000598947011337	Gamma	Class1
0.0359250991918	0.0937264557251	-156.863825	16	0.352584809998	Sheet	Noise
0.0425277594238	0.0697440488475	-156.670173	16	0.00196783499538	Gamma	Class1
0.140436529704	-0.00102234464351	-156.555788	16	0.087301683697	Sheet	Class1
-0.0267436172159	0.101361632247	-156.43093	16	0.36169212069	Sheet	Noise
-0.058333319568	0.0751830585774	-156.222367	16	0.388302239044	Sheet	Noise
0.14822690907	-0.000543280517002	-155.932444	16	0.000499375295897	Gamma	Class1
-0.0706324035033	-0.00444537921927	-152.331792	17	0.470301702878	Gamma	Class3
0.0170072538374	-0.0417583131157	-148.426854	17	1.39907484455	Gamma	Class3
0.00181408545502	-0.0201102216814	-145.343968	17	2.54453901424	Gamma	Class3
-0.00103773999988	-0.0449078747798	-144.744913	18	0.00820975593202	Gamma	Class3
0.00221534857861	-0.0521188265171	-144.008405	18	0.00651395942106	Gamma	Class3
-0.062191988877	0.0230539903196	-143.231654	18	0.379133029577	Gamma	Class3
-0.00887344260938	-0.0412970660616	-142.396175	18	0.856383533479	Gamma	Class3
-0.0124004654594	-0.0241091756654	-142.387213	18	0.00281782534787	Gamma	Class3
-0.0447918717895	0.0100811705957	-142.194904	18	0.305194066264	Gamma	Class3
-0.00213182433518	-0.0300860476829	-141.907695	18	0.00322424303654	Gamma	Class3
-0.060415002183	0.0241983545547	-141.839053	18	0.453878441887	Gamma	Class3
0.00404577764386	-0.0481474918694	-141.102101	18	0.00284991097914	Gamma	Class3
-0.00383037324328	-0.0300893496338	-140.859456	18	0.00224922500305	Gamma	Class3
-0.0566810430652	0.0245586523208	-140.837606	18	0.292423429476	Gamma	Class3
-0.0541018398077	0.0332533954625	-140.777531	18	0.368194813339	Gamma	Class3
-0.0727875151873	0.0224383280563	-140.739453	18	0.279232996703	Gamma	Class3
-0.000189493415598	-0.0268340969102	-140.364573	18	0.397196962039	Gamma	Class3
-0.0203730684405	-0.0140344067896	-140.293668	18	0.478044396788	Gamma	Class3
-0.00211054954462	-0.0312087661562	-140.254996	18	0.302701370057	Gamma	Class3
-0.00514644750233	-0.0453953262832	-139.991795	18	0.150214815642	Gamma	Class3
-0.0735013038627	0.0288805774549	-139.948975	18	0.276287930274	Gamma	Class3
-0.0491037009184	0.0289465781081	-139.864959	18	0.365489283021	Gamma	Class3
-0.0032566374593	-0.0255539654285	-139.68949	18	0.00632971908097	Gamma	Class3
-0.00961016459765	-0.0197915350997	-139.683841	18	0.003599913688	Gamma	Class3
-0.00981036214001	-0.0137829196757	-139.682555	18	0.00366586264183	Gamma	Class3
-0.0498092764869	0.0460022003692	-139.613538	18	0.459214588467	Sheet	Class3
-0.0149070797855	-0.0282223613657	-139.389278	18	0.862949634058	Sheet	Class3
-0.073104934401	0.0472818331702	-139.369987	18	0.660591301301	Gamma	Class3
-0.00295164258171	-0.0383091182953	-139.301734	18	0.00692267326604	Gamma	Class3
0.00164810532734	-0.0291196182399	-139.282386	18	0.00207958889027	Gamma	Class3
-0.0963710218483	0.026641833746	-139.22039	18	0.00433671517925	Gamma	Class3
-0.00908729346236	-0.0242942134742	-139.164462	18	0.260217253992	Sheet	Class3
-0.0243538214257	-0.0175627489379	-139.124189	18	0.297048786356	Gamma	Class3
-0.00688098459459	-0.0214237511924	-139.115908	18	0.381067744313	Gamma	Class3
0.00245844985448	-0.0244617689604	-139.105206	18	0.706150698425	Gamma	Class3
0.0143790042305	-0.0383598595874	-139.058403	18	0.488426244873	Gamma	Class3
-0.0190175145518	-0.00914286759987	-139.048294	18	0.376083909336	Sheet	Class3
-0.0445242087662	0.032339536206	-139.021256	18	0.443117511582	Gamma	Class3
0.00973132065624	-0.0546899537741	-139.01719	18	0.0913395243264	Gamma	Class3
-0.0311745047626	0.0120362113496	-138.963454	18	0.480606415163	Gamma	Class3
-0.0195290501867	-0.0319671263836	-138.938443	18	0.559300451541	Gamma	Class3
0.00810720813535	-0.045718844209	-138.849114	18	0.207039911827	Gamma	Class3
0.000513386563527	0.0430612782601	-138.810337	18	0.152231479416	Sheet	Class3
-0.0459241963588	0.0204448091379	-138.733216	18	0.39766624334	Gamma	Class3
-0.0183800113881	0.0378957111673	-138.714617	18	0.445575189928	Sheet	Class3
-0.0147990119897	-0.0159091829115	-138.630513	18	0.238145156685	Sheet	Class3
-0.00500384802816	-0.0228834873653	-138.589111	18	0.00554450221202	Gamma	Class3
0.00216818856162	-0.0282002895257	-138.583354	18	0.0061504286887	Gamma	Class3
-0.0400698440496	0.00874881746561	-138.401458	18	0.00198064956935	Sheet	Class3
-0.0230149932672	-0.0235927950511	-138.172513	18	0.00428682509288	Sheet	Class3
-0.0964892788033	0.0361572086006	-138.1423	18	0.00474672682443	Sheet	Noise
0.0102640538438	-0.0391677516861	-138.135497	18	0.221132757679	Gamma	Class3
0.00869196711379	-0.0271870657242	-138.055907	18	0.00397955676167	Gamma	Class3
-0.00920550101292	-0.0187622302585	-138.02741	18	0.00220677537574	Sheet	Class3
-0.00169471292629	-0.0252216526312	-138.018674	18	1.43240605194	Gamma	Class3
0.00445740211338	-0.0511636681561	-137.918898	18	0.00382742169477	Gamma	Class3
0.00607764469653	-0.0267674999759	-137.895902	18	0.00417623984591	Gamma	Class3
-0.000421259748521	-0.0223707047483	-137.839187	18	0.00243815205425	Gamma	Class3
-0.0024254896414	-0.0264077694751	-137.828211	18	1.46162499245	Gamma	Class3
-0.0213436196329	-0.0118210894994	-137.816151	18	0.330278257898	Gamma	Class3
0.0115489325684	-0.0411033145759	-137.808162	18	0.257099364579	Gamma	Class3
-0.00453620172418	-0.0354417250125	-159.203368	19	1.02820008933	Gamma	Class3
0.00441606288875	-0.0373758858708	-157.937379	19	0.5840614119	Gamma	Class3
-0.00110643936764	-0.0235335324864	-156.299051	19	1.23910961014	Gamma	Class3
-0.00440126744811	-0.0346180168022	-154.264643	19	2.08818852546	Gamma	Class3
-0.0250193497718	-0.0223893773046	-154.19633	19	0.00441543026196	Gamma	Noise
0.00996750711287	-0.0171361415358	-153.605404	19	1.18566895179	Gamma	Class3
0.0183132718997	-0.0387075949923	-153.419181	19	0.32611100968	Gamma	Class3
-0.0418599351869	-0.0380888662495	-152.790172	19	0.309073826587	Gamma	Class3
0.00142158843479	-0.0228868738995	-146.47399	20	0.299322514377	Gamma	Class3
0.0117659593748	-0.0211134156121	-142.428746	20	0.302545545274	Slipped_Gamma	Class3
0.00683489934743	-0.046405290849	-151.286697	21	0.75734755376	Gamma	Class3
0.000536019672483	-0.0566469974151	-146.970727	21	0.000577615108954	Gamma	Class3
0.0110870641575	-0.0457502855399	-146.841356	21	0.00818010876784	Gamma	Class3
0.000297436980922	-0.0402125134602	-146.613921	21	0.291633462836	Gamma	Class3
0.0202859257682	-0.0507454695211	-146.55352	21	0.559788610515	Gamma	Class3
-0.00622538466037	-0.0372408959698	-146.540153	21	0.701725207789	Gamma	Class3
-0.0833857864142	0.0170246643348	-146.169149	21	0.00136680614466	Gamma	Class3
-0.0795470476907	0.0488517738444	-144.513847	21	0.599709760579	Slipped_Gamma	Noise
-0.0859931319126	0.0382701000349	-145.594105	22	0.00229549176742	Gamma	Class3
-0.0747258545139	0.0214908563592	-145.349906	22	0.00224729857773	Gamma	Class3
-0.139975563162	-0.0189262352545	-144.068424	22	0.00132511628755	Slipped_Gamma	Noise
-0.128722900208	-0.0146717928315	-142.233256	22	0.000963384833504	Gamma	Class3
-0.0803857026163	0.0127897844095	-141.3856	22	0.000710465786494	Gamma	Class3
-0.170227275234	6.90347168615e-05	-140.914807	22	0.000999880247581	Slipped_Gamma	Noise
-0.0640439254806	0.019565140486	-140.496162	22	0.000976840615643	Gamma	Class3
-0.132224944541	-0.0261986663802	-139.625521	22	0.00129397438756	Slipped_Gamma	Class3
-0.0955790993706	0.0299759198586	-139.530245	22	0.00171111161869	Gamma	Class3
-0.0689943935292	0.0196386366338	-139.271304	22	0.00168705362978	Gamma	Class3
-0.179896246448	-0.00946349669564	-139.228296	22	0.00107716377657	Gamma	Noise
-0.0963744480858	0.0178341334068	-138.738399	22	0.219216371544	Gamma	Class3
-0.102949845636	-0.0139925759427	-141.444127	23	0.00135132270803	Gamma	Class3
-0.144180237747	-0.0362166382588	-139.30536	23	0.00402913595388	Gamma	Class3
-0.106941231339	-0.0246776778644	-139.174495	23	0.00217641158099	Gamma	Class3
-0.0831869418996	0.0102818257744	-138.75761	23	0.00117513821034	Gamma	Noise
-0.0994805333175	-0.0215560588709	-137.473968	23	0.00197636816412	Slipped_Gamma	Noise
-0.0889702587249	0.023561446985	-137.409545	23	0.00401882110138	Gamma	Class3
-0.0616271258759	0.0205095806496	-137.324009	23	0.0118195116293	Gamma	Noise
-0.149061818489	-0.0413618284596	-137.087325	23	0.00342115272062	Gamma	Noise
0.00432506549733	-0.0350845055839	-137.07188	23	0.00299489778056	Gamma	Class3
-0.0164947395838	-0.0540856644352	-136.578249	23	0.381194990511	Gamma	Noise
-0.0825360543399	0.012451514424	-136.177031	23	0.000285607170928	Slipped_Gamma	Noise
-0.0319040851576	-0.0185879437159	-135.622685	23	4.81867811852e-05	Gamma	Class3
-0.0182872103014	-0.020100026339	-135.397803	23	0.00123413217731	Gamma	Class3
0.0325214971007	0.0409227221199	-135.306866	23	0.116451655446	Gamma	Noise
-0.0839985874347	0.0250669995334	-134.821376	23	0.178194571338	Gamma	Noise
-0.0434465335959	-0.00988745240932	-134.705475	23	0.00182571498304	Gamma	Class3
-0.0651640986455	0.0264784019228	-134.685171	23	1.01932596325	Gamma	Noise
0.00568358272361	-0.0401807084657	-148.222062	24	0.00472353883673	Gamma	Class3
0.00694950869198	-0.0393549540398	-147.848845	24	1.02036192278	Gamma	Class3
0.00463987092078	-0.0411762133726	-142.477462	24	1.52402399535	Gamma	Class3
0.00862938327894	-0.0512595393993	-141.491038	24	0.446607809382	Gamma	Class3
0.0146676352743	-0.0310040472102	-141.431074	24	0.727842235327	Gamma	Class3
-0.0237432667754	-0.0473509201095	-143.097146	25	0.101964392035	Gamma	Class3
-0.0216713716846	-0.04655809134	-140.923997	25	0.000378025087249	Gamma	Class3
-0.0184424076655	-0.0482906113825	-140.350926	25	0.678602339171	Gamma	Class3
-0.00185622182816	-0.0328190609808	-140.140339	25	0.000146785274659	Gamma	Class3
-0.0718787713085	-0.00132271608478	-138.251315	25	0.309867384234	Herringbone	Class3
-0.0456188147765	0.00628594484898	-138.229158	25	0.00152911138929	Gamma	Class3
-0.096437547282	-0.0337967164714	-138.216257	25	0.000963984707345	Gamma	Noise
-0.0638995203575	0.00629213249448	-137.737981	25	0.00101233201331	Gamma	Noise
-0.0270881660669	-0.0415065793935	-137.438057	25	0.000116258760644	Gamma	Class3
-0.0743334809081	-0.0115389724055	-136.948018	25	0.00541276116182	Slipped_Gamma	Noise
6.42897028653e-05	-0.024796979309	-136.473012	25	0.000217567643822	Gamma	Class3
0.0106518015149	-0.0604302631364	-136.360025	25	0.960712281308	Gamma	Class3
-0.110204984664	-0.079425599896	-136.111355	25	0.0651594007667	Slipped_Gamma	Noise
0.00438187109907	-0.0413811980984	-167.642354	26	0.00247960781595	Gamma	Class3
0.011143228936	-0.0463786171897	-165.204869	26	0.218944740395	Gamma	Class3
0.0002673748827	-0.0331915957688	-162.689773	26	0.114884585561	Gamma	Class3
-0.00411250137974	-0.0414022015215	-162.550758	26	0.00292474390629	Gamma	Class3
0.00375684583183	-0.0266592642392	-161.26031	26	0.00196774214294	Gamma	Class3
-0.00405197784811	-0.0356038645428	-161.184462	26	0.000628347991297	Gamma	Class3
0.0134697136854	-0.0559136506672	-160.721483	26	0.534019927392	Gamma	Class3
0.0435232859402	-0.0359652001257	-165.601847	27	0.002236146359	Gamma	Noise
0.0557415279264	0.0118103759768	-161.960636	27	0.0003762516716	Gamma	Class4
-0.0647858897335	-0.0384187490074	-143.456677	28	1.06794720173	Gamma	Class3
0.100570565122	-0.0310526194758	-142.671926	28	0.000134205306209	Gamma	Noise
-0.0675373508093	0.0147733605491	-142.591788	28	0.0672881450048	Gamma	Noise
-0.10182234731	-0.0294415423817	-140.561276	28	0.115571583544	Gamma	Noise
0.0182119453008	-0.0348930503776	-139.225705	28	0.455595200414	Gamma	Noise
0.0655664262746	0.0504897323003	-139.086797	28	0.000221741939741	Gamma	Noise
0.000478687738753	-0.0370024260764	-138.9093	28	0.124152206636	Gamma	Noise
0.0995886850286	-0.00954904494594	-138.383735	28	0.000322576602112	Gamma	Noise
-0.123801158026	-0.0428740418184	-137.561564	28	0.000122518013387	Gamma	Noise
-0.0754284049588	0.00695277819503	-137.476189	28	0.137631000268	Gamma	Noise
-0.063827659073	0.0177314085979	-136.711234	28	0.165799640687	Gamma	Class3
